4 0.652030 0.396817 0.083000 0.109450
4 0.338883 0.263923 0.116928 0.241528
4 0.253203 0.270968 0.052416 0.226097
4 0.202047 0.275664 0.046872 0.216704
4 0.372275 0.799500 0.116444 0.336115
4 0.638600 0.759177 0.004632 0.053142
4 0.645217 0.754480 0.009043 0.065180
4 0.615221 0.750956 0.012351 0.076043
4 0.733661 0.705448 0.044553 0.152673
4 0.821885 0.909502 0.009925 0.021139
4 0.787919 0.892179 0.006617 0.022314
4 0.760790 0.881903 0.003970 0.015855
4 0.738514 0.878086 0.004632 0.021139
4 0.719104 0.870159 0.010146 0.016735
4 0.702562 0.863993 0.005955 0.019671
4 0.687564 0.861351 0.005293 0.019671
4 0.677198 0.853424 0.007278 0.016735
4 0.666391 0.849020 0.007278 0.014093
4 0.656465 0.848139 0.006617 0.015855
4 0.642129 0.842267 0.005955 0.012038
4 0.630439 0.838156 0.005073 0.012919
4 0.624705 0.835514 0.005735 0.012919
4 0.619411 0.830816 0.005293 0.008221
4 0.615000 0.831403 0.004411 0.010863
4 0.611250 0.829348 0.004411 0.007046
4 0.607280 0.826706 0.006396 0.008808
4 0.603090 0.826412 0.003529 0.008221
4 0.598899 0.824944 0.005073 0.007046
4 0.595591 0.824063 0.003750 0.006459
4 0.593385 0.821421 0.004411 0.007634