3 0.301833 0.468400 0.200694 0.430306
1 0.650305 0.685938 0.183361 0.106565
4 0.707411 0.238220 0.004662 0.053486
4 0.714071 0.233492 0.009102 0.065602
4 0.683881 0.229946 0.012431 0.076536
4 0.803089 0.184143 0.044842 0.153663
4 0.891885 0.389519 0.009990 0.021276
4 0.857698 0.372084 0.006660 0.022458
4 0.830393 0.361742 0.003996 0.015957
4 0.807973 0.357900 0.004662 0.021276
4 0.788437 0.349921 0.010212 0.016844
4 0.771788 0.343716 0.005994 0.019799
4 0.756693 0.341056 0.005328 0.019799
4 0.746260 0.333078 0.007326 0.016844
4 0.735382 0.328645 0.007326 0.014184
4 0.725393 0.327758 0.006660 0.015957
4 0.710963 0.321848 0.005994 0.012116
4 0.699198 0.317711 0.005106 0.013002
4 0.693426 0.315052 0.005772 0.013002
4 0.688098 0.310324 0.005328 0.008274
4 0.683659 0.310915 0.004440 0.010934
4 0.679885 0.308846 0.004440 0.007092
4 0.675889 0.306187 0.006438 0.008865
4 0.671671 0.305891 0.003552 0.008274
4 0.667453 0.304414 0.005106 0.007092
4 0.664123 0.303527 0.003774 0.006501
4 0.661904 0.300867 0.004440 0.007683