2 0.563861 0.400949 0.184150 0.159233
4 0.250459 0.351050 0.272944 0.114027
0 0.248185 0.793170 0.292869 0.110700
4 0.804062 0.447174 0.004292 0.049240
4 0.810193 0.442822 0.008379 0.060393
4 0.782399 0.439557 0.011444 0.070459
4 0.892143 0.397391 0.041281 0.141462
4 0.973888 0.586460 0.009196 0.019587
4 0.942416 0.570410 0.006131 0.020675
4 0.917279 0.560888 0.003679 0.014690
4 0.896639 0.557351 0.004292 0.019587
4 0.878655 0.550006 0.009401 0.015506
4 0.863327 0.544293 0.005518 0.018227
4 0.849431 0.541845 0.004905 0.018227
4 0.839826 0.534500 0.006744 0.015506
4 0.829812 0.530419 0.006744 0.013058
4 0.820615 0.529603 0.006131 0.014690
4 0.807332 0.524162 0.005518 0.011154
4 0.796501 0.520354 0.004700 0.011970
4 0.791187 0.517905 0.005313 0.011970
4 0.786282 0.513553 0.004905 0.007617
4 0.782195 0.514097 0.004087 0.010066
4 0.778721 0.512192 0.004087 0.006529
4 0.775042 0.509744 0.005927 0.008161
4 0.771159 0.509472 0.003270 0.007617
4 0.767277 0.508112 0.004700 0.006529
4 0.764211 0.507296 0.003474 0.005985
4 0.762167 0.504847 0.004087 0.007073