4 0.307543 0.798481 0.024336 0.008691
4 0.335144 0.826136 0.028788 0.032000
4 0.410823 0.829296 0.018400 0.032000
4 0.477598 0.815864 0.029678 0.032790
4 0.506979 0.789790 0.023149 0.017383
4 0.489469 0.773197 0.018400 0.012247
4 0.458901 0.760160 0.015136 0.007901
4 0.364228 0.764901 0.019291 0.011852
4 0.321789 0.777148 0.024336 0.008691
4 0.369274 0.652703 0.018104 0.060840
4 0.384409 0.654283 0.009497 0.056889
4 0.628065 0.740802 0.016916 0.013037
4 0.640233 0.734481 0.017213 0.016988
4 0.652401 0.730925 0.013058 0.019753
4 0.644219 0.250010 0.104546 0.197008
1 0.377447 0.257120 0.175315 0.099792
3 0.791056 0.781085 0.236361 0.329013
3 0.140114 0.810707 0.073902 0.204951