0 0.583967 0.716071 0.231684 0.255672
4 0.084641 0.521753 0.031409 0.065461
4 0.167129 0.567787 0.044734 0.115297
4 0.239466 0.485010 0.050445 0.080243
4 0.303870 0.394209 0.054569 0.090801
4 0.377158 0.313544 0.064405 0.086156
4 0.425065 0.218097 0.027602 0.071374
4 0.148094 0.444044 0.032678 0.089957
4 0.201394 0.370981 0.040610 0.077287
4 0.258819 0.302141 0.039658 0.066306
4 0.316243 0.227388 0.038389 0.066306
4 0.374303 0.159393 0.054252 0.056592
4 0.138893 0.331282 0.022526 0.028296
4 0.179185 0.281024 0.020305 0.031675
4 0.220430 0.230767 0.020622 0.027452
4 0.258501 0.183043 0.019988 0.026607
4 0.303870 0.126451 0.024112 0.026607
0 0.733180 0.201636 0.040896 0.147283