4 0.248844 0.329880 0.066825 0.110560
4 0.322830 0.331151 0.066825 0.111513
4 0.397292 0.329880 0.066825 0.113419
4 0.471516 0.325750 0.066109 0.116914
4 0.460538 0.456007 0.063962 0.111830
4 0.390848 0.456007 0.061814 0.108971
4 0.319727 0.456007 0.060620 0.110877
4 0.247890 0.455689 0.064439 0.109924
4 0.248844 0.591347 0.065632 0.123268
4 0.322591 0.588488 0.063962 0.122314
4 0.397054 0.589759 0.063962 0.122314
4 0.471278 0.588488 0.066825 0.123268
3 0.691199 0.646855 0.269374 0.216194
3 0.798604 0.189936 0.257759 0.360799