4 0.705496 0.520571 0.283158 0.424155
0 0.341618 0.294120 0.347871 0.461616
0 0.428175 0.428667 0.161061 0.192887
4 0.322218 0.731235 0.004672 0.053601
4 0.328892 0.726497 0.009121 0.065743
4 0.298637 0.722943 0.012458 0.076700
4 0.418101 0.677041 0.044938 0.153992
4 0.507087 0.882858 0.010011 0.021322
4 0.472828 0.865386 0.006674 0.022507
4 0.445464 0.855021 0.004004 0.015992
4 0.422995 0.851171 0.004672 0.021322
4 0.403418 0.843175 0.010233 0.016880
4 0.386734 0.836957 0.006007 0.019841
4 0.371606 0.834291 0.005339 0.019841
4 0.361150 0.826296 0.007341 0.016880
4 0.350249 0.821853 0.007341 0.014215
4 0.340238 0.820965 0.006674 0.015992
4 0.325778 0.815042 0.006007 0.012142
4 0.313987 0.810896 0.005117 0.013030
4 0.308203 0.808231 0.005784 0.013030
4 0.302864 0.803493 0.005339 0.008292
4 0.298415 0.804085 0.004449 0.010957
4 0.294633 0.802012 0.004449 0.007107
4 0.290628 0.799347 0.006452 0.008884
4 0.286401 0.799051 0.003559 0.008292
4 0.282175 0.797570 0.005117 0.007107
4 0.278838 0.796682 0.003782 0.006515
4 0.276613 0.794016 0.004449 0.007700