2 0.540335 0.674878 0.201677 0.248011
4 0.164232 0.304056 0.014663 0.053025
4 0.163987 0.392215 0.013441 0.041965
4 0.163743 0.473867 0.013930 0.051074
4 0.088474 0.379528 0.030059 0.123618
4 0.228503 0.317394 0.009531 0.044567
4 0.229725 0.387660 0.012463 0.041965
4 0.229481 0.457277 0.008798 0.030904
4 0.253674 0.315442 0.011241 0.028953
4 0.277868 0.385709 0.010508 0.065387
4 0.310370 0.322924 0.006843 0.024724
4 0.310370 0.379202 0.008065 0.032856
4 0.308904 0.426698 0.006843 0.029603
4 0.347027 0.327803 0.008309 0.018868
4 0.347516 0.372371 0.008309 0.026350
4 0.347516 0.417264 0.006843 0.024073
4 0.327232 0.377901 0.004643 0.048471