0 0.663579 0.445013 0.103887 0.077203
0 0.648095 0.812289 0.135137 0.096691
0 0.659638 0.703980 0.108391 0.071581
0 0.670618 0.564190 0.091781 0.032230
0 0.663298 0.625278 0.104731 0.041600
0 0.673152 0.515470 0.085024 0.024360
2 0.253098 0.222966 0.193186 0.195089
1 0.277302 0.608018 0.177115 0.157785
4 0.712790 0.165422 0.004162 0.047748
4 0.718735 0.161201 0.008125 0.058563
4 0.691784 0.158036 0.011098 0.068324
4 0.798201 0.117147 0.040030 0.137175
4 0.877470 0.300487 0.008918 0.018994
4 0.846951 0.284923 0.005945 0.020049
4 0.822576 0.275690 0.003567 0.014245
4 0.802561 0.272261 0.004162 0.018994
4 0.785122 0.265138 0.009116 0.015037
4 0.770259 0.259598 0.005351 0.017675
4 0.756784 0.257224 0.004756 0.017675
4 0.747470 0.250101 0.006540 0.015037
4 0.737759 0.246144 0.006540 0.012662
4 0.728841 0.245353 0.005945 0.014245
4 0.715960 0.240077 0.005351 0.010816
4 0.705457 0.236384 0.004558 0.011607
4 0.700305 0.234010 0.005152 0.011607
4 0.695549 0.229789 0.004756 0.007386
4 0.691585 0.230317 0.003963 0.009761
4 0.688216 0.228470 0.003963 0.006331
4 0.684649 0.226096 0.005747 0.007914
4 0.680884 0.225832 0.003171 0.007386
4 0.677119 0.224513 0.004558 0.006331
4 0.674146 0.223722 0.003369 0.005804
4 0.672165 0.221347 0.003963 0.006859