0 0.746056 0.693423 0.078633 0.281682
0 0.665186 0.694700 0.078633 0.278704
0 0.538606 0.715550 0.037399 0.234452
0 0.505363 0.736399 0.028448 0.192327
0 0.591667 0.716401 0.066806 0.233175
4 0.051372 0.374229 0.038125 0.053663
4 0.090434 0.365077 0.019688 0.100254
4 0.139497 0.388789 0.036562 0.061983
4 0.187309 0.400020 0.036875 0.066558
4 0.228247 0.400852 0.028750 0.067390
4 0.281997 0.409588 0.038125 0.071134
4 0.341684 0.417076 0.036875 0.078622
4 0.396372 0.429972 0.042812 0.071966
4 0.050122 0.500690 0.037812 0.087358
4 0.099497 0.510258 0.030312 0.101502
4 0.157934 0.533969 0.041250 0.103166
4 0.215747 0.529809 0.035625 0.097342
4 0.280434 0.551857 0.041563 0.103998
4 0.350747 0.561425 0.052812 0.111485
4 0.408559 0.561841 0.023125 0.108989
0 0.674426 0.242534 0.134897 0.265156
2 0.243796 0.775284 0.196395 0.232386